50
-1.26 -10.1
0.34 -10.9
1.62 -4.89
1.99 -8.01
2.08 -13.4
3.86 -6.84
5.33 -5.24
15.4 -19.4
10.9 -9.08
4.33 -0.08
9.55 -4.82
7.11 -2.13
8.01 -2.8
13.4 -6.54
8.09 1.69
8.95 2.03
28.7 6.66
23.7 5.85
17.1 5.06
7.03 3.74
15.4 10.5
16.4 12.4
12.4 18.1
6.35 9.97
6.17 9.94
5.53 12.4
2.67 5.35
1.4 20.8
2.13 5.79
-5.25 22.9
-2.52 14.3
-2.59 14.3
-2.54 10.1
-4.55 10.7
-5.56 11.6
-8.76 12.2
-5.49 9.15
-3.33 5.52
-4.51 4.12
-5.86 -0.72
-21.1 -5.38
-2.72 -0.75
-7.81 -4.13
-4.0 -2.31
-4.6 -5.74
-0.81 -2.18
-0.2 -2.94
-7.96 -14.8
-4.87 -10.6
-3.74 -16.0
