50
8.76 1.94
9.91 4.7
6.47 4.19
3.2 2.26
7.38 7.38
5.91 6.03
3.35 3.62
-0.19 3.01
-1.94 6.05
-2.05 6.35
-3.18 7.78
-3.53 5.77
-2.79 3.68
-1.1 0.44
-7.38 9.13
-2.29 1.87
-6.8 7.03
-8.18 5.88
-8.3 4.77
-9.65 4.66
-6.81 2.67
-6.71 2.19
-6.21 1.21
-9.8 0.07
-4.91 -0.53
-5.23 -3.06
-7.65 -4.68
-9.41 -6.5
-6.69 -6.02
-9.94 -9.42
-2.36 -6.68
-1.14 -2.46
-1.95 -6.53
-1.72 -9.5
-0.7 -5.49
0.22 -4.94
0.9 -7.49
2.19 -6.12
3.31 -6.47
5.75 -9.11
7.07 -9.69
3.54 -4.64
9.16 -6.31
5.51 -2.89
2.84 -1.6
4.54 -1.31
9.45 -1.26
5.52 -0.37
-0.19 -0.34
4.14 0.75
