50
9.87 -11.7
4.37 -3.2
10.5 -7.64
3.05 -1.71
10.8 -6.03
7.25 -3.68
5.29 -1.84
7.02 -2.0
8.56 -1.34
18.3 -1.75
8.49 -0.64
5.02 0.1
13.5 4.93
10.8 4.94
4.22 3.83
2.28 2.48
5.29 8.53
4.79 8.04
3.25 6.76
4.99 15.8
6.38 23.2
3.34 14.0
2.49 11.0
1.42 8.44
-2.98 11.1
-1.9 3.73
-8.76 12.5
-9.01 6.47
-17.5 12.1
-9.08 6.24
-17.2 10.0
-2.91 1.66
-17.7 2.19
-9.12 -1.88
-4.06 -0.89
-3.4 -1.14
-9.34 -3.46
-12.5 -5.09
-11.2 -7.65
-4.64 -3.58
-6.88 -5.94
-2.3 -2.55
-3.62 -4.46
-16.8 -20.4
-2.86 -10.2
0.86 -22.9
0.71 -14.6
2.47 -8.24
7.22 -17.2
4.69 -7.21
