50
-0.87 -2.2
-0.12 -4.98
2.79 -9.93
1.69 -6.31
4.88 -9.2
-0.2 -1.61
6.64 -8.94
7.6 -9.22
8.12 -5.88
-0.83 -0.22
0.02 -0.29
3.69 -0.08
2.69 1.69
3.95 3.05
3.87 3.96
5.42 5.67
8.12 8.62
8.83 9.86
4.83 9.85
0.71 3.61
1.24 5.6
0.01 4.17
1.24 8.72
-1.15 6.32
-1.4 4.23
-1.37 1.48
-2.15 5.74
-4.27 6.98
-4.48 7.27
-6.67 9.95
-9.3 8.3
-6.46 5.28
-9.45 7.78
-9.2 6.88
-6.03 2.92
-7.63 3.25
-5.78 -0.22
-3.76 -0.41
-8.19 -4.89
-7.96 -4.84
-8.21 -5.38
-8.16 -5.73
-5.7 -4.39
-7.45 -8.92
-3.44 -4.55
-3.91 -6.72
-3.62 -9.64
-3.05 -9.1
-1.46 -9.49
0.23 -7.68
