50
6.88 2.98
7.84 6.2
6.79 7.34
1.79 1.75
1.95 4.61
3.03 9.53
0.16 7.5
-0.5 9.99
0.31 2.48
-1.27 4.84
-1.32 4.82
-1.54 4.76
-3.84 6.44
-1.11 2.24
-7.14 7.01
-1.43 2.05
-6.78 3.21
-6.96 2.8
-2.38 0.76
-2.49 0.19
-7.27 -1.83
-2.37 -0.79
-4.53 -2.11
-4.51 -2.16
-2.22 -1.14
-1.86 -1.67
-4.79 -5.77
-1.31 -2.13
-1.24 -2.17
-3.43 -6.67
-3.21 -6.78
-0.45 -2.46
0.19 -2.49
1.2 -2.19
1.84 -4.65
2.48 -4.34
1.64 -1.88
1.95 -1.57
5.93 -4.59
2.29 -0.99
8.17 -5.76
6.3 -4.07
9.39 -3.43
4.83 -1.28
7.47 -0.7
7.43 1.04
2.4 0.7
9.74 2.25
2.34 0.88
7.0 2.69
